rounds=10 pps=200000 duration=5s iface=enp24s0f1 teid=0x9000

round           xdp_uplink    tc_ingress     tc_egress   (ns/packet)
1                    101.7         132.8          48.7
2                    101.7         134.3          48.5
3                    101.7         133.4          48.4
4                    101.8         134.9          48.6
5                    101.6         133.4          48.7
6                    101.6         133.7          48.5
7                    101.8         132.7          48.5
8                    101.7         132.5          48.4
9                    101.5         134.2          48.4
10                   101.5         132.6          48.4
